29152523
29120438
29104877
29087337
28743726
28624646
28550098
28533406
28467736
28430031
28396630
28343333
28332505
28198019
28195556
28161192
27934776
27875590
27780085
27671642
27590976
27535367
27449482
27427301
27408803
27408802
27165452
27057960
26975551
26891487
26820899
26792888
26529119
26322594
26283892
26268446
26187901
26136676
26124702
25995074
25890136
25759647
25721545
25721544
25703940
25686293
25632076
26949710
25461213
25381641
25379417
25365375
25365373
25352799
25143542
25091286
25080161
24995815
24990895
24944216
24904404
24838278
24837824
24768933
24723632
24686438
24678295
24672441
24658406
24636954
24555843
24508738
24371288
24293161
24111197
24058643
24047945
24034899
23872495
23824437
23466267
23465431
23408924
23392666
23312631
23281107
23220879
